04-IsoP_000_gaussian 100 -0.283334254624E-01 0,000 12.8
04-IsoP_002_gaussian 101 -0.283529149541E-01 0,000 15.4
04-IsoP_005_gaussian 102 -0.283529948447E-01 0,000 13.6
04-IsoP_007_gaussian 103 -0.274539289426E-01 5,000 13.9
04-IsoP_008_gaussian 104 -0.285416864974E-01 -1,000 17.3
04-IsoP_012_gaussian 105 -0.275641866687E-01 4,000 14.3
04-IsoP_013_gaussian 106 -0.269697067779E-01 8,000 14.5
04-IsoP_015_gaussian 107 -0.264560761329E-01 11,000 15.7
04-IsoP_024_gaussian 108 -0.256075270624E-01 17,000 13
04-IsoP_028_gaussian 109 -0.274831217071E-01 5,000 41.3
04-IsoP_030_gaussian 110 -0.285416854513E-01 -1,000 24.4
04-IsoP_036_gaussian 111 -0.274831303889E-01 5,000 20.2
04-IsoP_041_gaussian 112 -0.269696953083E-01 8,000 11.3
