02-IsoP_012_gaussian 2658037 -0.281200583975E-01 0.000 15.5
02-IsoP_067_gaussian 2658038 -0.276486400750E-01 2.958 17.9
02-IsoP_151_gaussian 2658039 -0.283334298501E-01 -1.339 13.5
02-IsoP_166_gaussian 2658040 -0.281715724714E-01 -0.323 15.6
02-IsoP_189_gaussian 2658041 -0.275730647777E-01 3.432 19.2
02-IsoP_192_gaussian 2658042 -0.276486384614E-01 2.958 17.5
02-IsoP_238_gaussian 2658043 -0.266599523760E-01 9.162 13.7
02-IsoP_295_gaussian 2658044 -0.281715724144E-01 -0.323 16.1
02-IsoP_356_gaussian 2658045 -0.281200584910E-01 -0.000 15.9
02-IsoP_393_gaussian 2658046 -0.276486399376E-01 2.958 18
02-IsoP_419_gaussian 2658047 -0.275730670810E-01 3.432 8.3
