03-IsoP_012_gaussian 74 -0.281200583965E-01 0,000 17.5
03-IsoP_067_gaussian 75 -0.276486400748E-01 2,000 19.1
03-IsoP_151_gaussian 76 -0.283334298502E-01 -1,000 14.7
03-IsoP_166_gaussian 77 -0.281715724712E-01 0,000 17.8
03-IsoP_189_gaussian 78 -0.275730647775E-01 3,000 17.9
03-IsoP_192_gaussian 79 -0.276486384620E-01 2,000 18.2
03-IsoP_238_gaussian 80 -0.266599523769E-01 9,000 12.5
03-IsoP_295_gaussian 81 -0.281715724132E-01 0,000 12.2
03-IsoP_356_gaussian 82 -0.281200584903E-01 0,000 12.4
03-IsoP_393_gaussian 83 -0.276486399374E-01 2,000 13.9
03-IsoP_419_gaussian 84 -0.275730670807E-01 3,000 13.7
